75 -70
86 -78
58 -83
60 -75
69 -64
70 -47
87 -50
89 -53
100 -38
98 -36
96 -15
96 -11
82 -23
75 -16
73 -16
67 -15
74 7
61 15
57 14
57 38
58 36
68 19
82 17
97 25
89 37
74 47
84 71
86 71
84 80
88 85
92 94
68 93
64 74
56 73
42 83
35 85
34 61
25 63
13 98
9 81
-7 57
-9 65
-11 74
-15 88
-20 89
-28 76
-49 97
-62 74
-70 72
-85 81
-99 93
-97 81
-85 69
-89 62
-97 50
-72 53
-72 51
-72 24
-63 22
-59 4
-51 -9
-46 -4
-37 -2
-40 3
-49 13
-52 23
-56 32
-37 26
-30 22
-32 41
-33 44
-28 41
-21 29
-15 28
-4 26
12 43
35 36
30 28
34 18
44 13
51 1
51 -2
37 -9
44 -29
40 -30
38 -52
42 -66
38 -80
38 -85
47 -92
40 -99
26 -87
29 -82
29 -73
15 -69
-3 -70
-3 -71
-6 -83
-7 -97
-11 -86
-22 -82
-36 -79
-25 -59
-42 -60
-46 -49
-47 -54
-62 -68
-63 -74
-61 -89
-65 -89
-68 -97
-70 -94
-87 -73
-97 -43
-84 -41
-73 -53
-70 -40
-86 -26
-78 -29
-66 -29
-47 -17
-25 -28
-16 -40
-5 -54
14 -37
3 -25
0 -22
6 -22
19 -21
29 -14
18 -10
14 2
2 -9
-9 4
0 0
0 0
0 0
0 0
0 0
0 0
0 0
0 0
0 0
0 0
0 0
0 0
0 0
0 0
0 0
0 0
